{
    "samples": [
        {
            "x": 2.706876754760742,
            "y": 6.622289180755615,
            "heading": 1.1479419888296216,
            "angularVelocity": -4.79308716011171e-33,
            "velocityX": 5.8226369385430065e-36,
            "velocityY": 0,
            "timestamp": 0
        },
        {
            "x": 2.706876754760742,
            "y": 6.622289180755615,
            "heading": 0.8872371534400398,
            "angularVelocity": -2.429682168699102,
            "velocityX": 1.4062208047229947e-15,
            "velocityY": 6.623164430006682e-16,
            "timestamp": 0.10729997476549302
        },
        {
            "x": 2.706876754760742,
            "y": 6.622289180755615,
            "heading": 0.626532318050458,
            "angularVelocity": -2.429682168699102,
            "velocityX": 1.3538479882777735e-15,
            "velocityY": 6.966963326496851e-16,
            "timestamp": 0.21459994953098604
        },
        {
            "x": 2.706876754760742,
            "y": 6.622289180755615,
            "heading": 0.626532318050458,
            "angularVelocity": 1.4910639448750769e-38,
            "velocityX": -3.396546441142353e-40,
            "velocityY": 2.0717696598203984e-42,
            "timestamp": 0.32189992429647907
        }
    ]
}