{
  "samples": [
    {
      "x": 4.416737995,
      "y": 3.323841817129157,
      "heading": 1.0471975512,
      "angularVelocity": -2.786574070680907e-28,
      "velocityX": -6.865066631576706e-20,
      "velocityY": -1.1890733865081739e-19,
      "timestamp": 0
    },
    {
      "x": 4.402737994999996,
      "y": 3.299593105823197,
      "heading": 1.0471975512,
      "angularVelocity": 1.2203521575276725e-17,
      "velocityX": -0.17475660185504371,
      "velocityY": -0.30268731337102,
      "timestamp": 0.0801114226952786
    },
    {
      "x": 4.388737995,
      "y": 3.275344394517229,
      "heading": 1.0471975512,
      "angularVelocity": -1.2203535086762994e-17,
      "velocityX": -0.17475660185504374,
      "velocityY": -0.30268731337102006,
      "timestamp": 0.1602228453905572
    },
    {
      "x": 4.388737995,
      "y": 3.275344394517229,
      "heading": 1.0471975512,
      "angularVelocity": -5.52100607399031e-28,
      "velocityX": 1.0568999281101467e-19,
      "velocityY": 1.8303406915772078e-19,
      "timestamp": 0.2403342680858358
    }
  ],
  "eventMarkers": []
}