{
  "samples": [
    {
      "x": 4.416737995,
      "y": 4.886454182870843,
      "heading": -1.0471975512,
      "angularVelocity": -6.644908206829601e-29,
      "velocityX": -6.863436538799463e-20,
      "velocityY": 1.1889252306500327e-19,
      "timestamp": 0
    },
    {
      "x": 4.402737994999999,
      "y": 4.910702894176807,
      "heading": -1.0471975512,
      "angularVelocity": 2.5156332234400082e-17,
      "velocityX": -0.1747566018550504,
      "velocityY": 0.30268731337101645,
      "timestamp": 0.08011142269527871
    },
    {
      "x": 4.388737995,
      "y": 4.934951605482771,
      "heading": -1.0471975512,
      "angularVelocity": -2.5156340257881864e-17,
      "velocityX": -0.1747566018550504,
      "velocityY": 0.3026873133710164,
      "timestamp": 0.1602228453905573
    },
    {
      "x": 4.388737995,
      "y": 4.934951605482771,
      "heading": -1.0471975512,
      "angularVelocity": -1.0978097374367874e-28,
      "velocityX": 1.0569070815560555e-19,
      "velocityY": -1.830330405016386e-19,
      "timestamp": 0.2403342680858359
    }
  ],
  "eventMarkers": []
}